1 (390) abs_1 1.0529859 0.6506422 0.0000570 2053
2 (390) abs_2 1.1890321 0.6905389 0.0000489 2828
3 (390) abs_3 1.0384841 0.6499989 0.0000720 1930
4 (390) all_1 0.7032380 0.5765381 0.0000710 686
5 (390) AMPAMP_1 0.6095002 0.5513399 0.0000560 244
6 (390) and_1 0.6559918 0.5638528 0.0000761 418
7 (390) any_1 0.7172720 0.5827739 0.0000770 683
8 (390) asTypeOf_1 0.6070030 0.5561779 0.0001080 238
9 (390) BANGBANG_1 1.3746669 0.7490170 0.0000501 3344
10 (390) BARBAR_1 0.5846720 0.5430419 0.0000510 243
11 (390) basicIORun_1 1.2441640 0.7110839 0.0000770 3166
12 (390) blockIO_1 0.8664041 0.6248801 0.0000560 1418
13 (390) break_1 0.8284249 0.6113932 0.0000582 1158
14 (390) CARET_1 2.4315729 0.9957039 0.0000532 8505
15 (390) CARET_2 1.9296670 0.8237350 0.0001020 5745
16 (390) catchHugsException_1 0.8829520 0.6291950 0.0000980 1455
17 (390) ceiling_1 1.9035201 0.8644230 0.0001001 6131
18 (390) chr_1 0.6709871 0.5622041 0.0000520 396
19 (390) compare_1 0.6263180 0.5683360 0.0000539 290
20 (390) compare_2 0.7668619 0.5925910 0.0000720 942
21 (390) compare_3 0.9782071 0.6543541 0.0000708 1784
22 (390) compare_4 0.7831171 0.6077559 0.0000691 993
23 (390) compare_5 1.0104022 0.6383870 0.0001001 1852
24 (390) compare_6 0.7689269 0.6017089 0.0000980 879
25 (390) compare_7 0.8188620 0.6139619 0.0000498 1212
26 (390) concat_1 0.6553450 0.5739932 0.0000710 454
27 (390) concatMap_1 0.7404160 0.5832441 0.0000720 744
28 (390) const_1 0.5874791 0.5523810 0.0000808 187
29 (390) curry_1 0.6260440 0.5506029 0.0000629 273
30 (390) cycle_1 0.6681421 0.5693669 0.0001011 461
31 (390) denominator_1 0.6202111 0.5585690 0.0003948 277
32 (390) digitToInt_1 2.5339010 0.9090691 0.0000560 8516
33 (390) div_1 0.9085631 0.6229460 0.0000679 1598
34 (390) divMod_1 1.9887149 0.8392360 0.0000520 6293
35 (390) DOLLAR_1 0.5939379 0.5505941 0.0000501 197
36 (390) DOLLARBANG_1 0.6434150 0.5557120 0.0000710 360
37 (390) DOT_1 0.6054289 0.5485189 0.0000679 235
38 (390) drop_1 1.1723411 0.6845880 0.0001009 2576
39 (390) dropWhile_1 0.6996870 0.5855670 0.0000741 630
40 (390) either_1 0.6169260 0.5566270 0.0000710 335
41 (390) elem_1 0.7639430 0.5877368 0.0000701 844
42 (390) elem_2 0.9650600 0.6314290 0.0002041 1708
43 (390) elem_3 0.7843170 0.5976000 0.0000710 963
44 (390) elem_4 0.9334390 0.6349261 0.0000730 1537
45 (390) elem_5 1.1638670 0.6760781 0.0000989 2390
46 (390) elem_6 0.9233658 0.6294670 0.0000520 1433
47 (390) elem_7 0.8103759 0.6011460 0.0000679 1140
48 (390) encodeFloat_1 1.7788539 0.8367481 0.0001161 5666
49 (390) enumFrom_1 0.6112869 0.5534852 0.0000539 251
50 (390) enumFrom_2 1.5967970 0.7818470 0.0000670 4617
51 (390) enumFrom_3 1.8402519 0.8150330 0.0000980 5575
52 (390) enumFrom_4 1.0733871 0.6521540 0.0000470 2231
53 (390) enumFrom_5 0.8894558 0.6188800 0.0000520 1388
54 (390) enumFrom_6 1.6696320 0.7964201 0.0000980 4865
55 (390) enumFromThen_1 0.6055012 0.5597980 0.0000720 288
56 (390) enumFromThen_2 2.2766380 0.9488420 0.0000989 7404
57 (390) enumFromThen_3 1.7814729 0.8197000 0.0000451 5323
58 (390) enumFromThen_4 2.0325840 0.8929060 0.0000710 6745
59 (390) enumFromThen_5 1.1548100 0.6700869 0.0000520 2477
60 (390) enumFromThen_6 0.8708529 0.6306159 0.0000710 1530
61 (390) enumFromThen_7 1.8390620 0.8611341 0.0000510 5579
62 (390) enumFromThenTo_1 2.1730080 0.9341340 0.0000529 7347
63 (390) enumFromThenTo_2 1.6513710 0.8088040 0.0000470 5218
64 (390) enumFromThenTo_3 1.5630879 0.7870359 0.0000470 4425
65 (390) enumFromThenTo_4 1.8006539 0.8257761 0.0001018 5460
66 (390) enumFromThenTo_5 1.4251769 0.7380762 0.0000520 3869
67 (390) enumFromThenTo_6 1.7592289 0.8192501 0.0000560 5468
68 (390) enumFromTo_1 1.5822320 0.7809949 0.0000980 4306
69 (390) enumFromTo_2 2.0476151 0.8889191 0.0000460 6536
70 (390) enumFromTo_3 1.6234441 0.7776120 0.0000522 4540
71 (390) enumFromTo_4 1.4518700 0.7391429 0.0000501 3753
72 (390) enumFromTo_5 1.5987990 0.7806962 0.0000579 4588
73 (390) enumFromTo_6 1.2886620 0.7267768 0.0000689 3237
74 (390) enumFromTo_7 1.5845890 0.7886109 0.0000520 4784
75 (390) EQEQ_1 0.6014850 0.5583949 0.0000741 247
76 (390) EQEQ_2 0.8002989 0.6008000 0.0000739 1090
77 (390) EQEQ_3 0.6250520 0.5610120 0.0001030 356
78 (390) EQEQ_4 0.8132050 0.5942209 0.0001011 940
79 (390) EQEQ_5 0.9725020 0.6432290 0.0000532 1788
80 (390) EQEQ_6 0.7484050 0.5869050 0.0000682 831
81 (390) EQEQ_7 0.6688290 0.5749831 0.0000551 523
82 (390) EQLTLT_1 0.6399031 0.5602212 0.0000670 415
83 (390) error_1 0.6388059 0.5616169 0.0000541 324
84 (390) even_1 0.6567979 0.5713789 0.0000529 522
85 (390) fail_1 0.6390882 0.5635529 0.0000682 345
86 (390) filter_1 0.7873681 0.5818892 0.0000491 987
87 (390) flip_1 0.6031840 0.5603869 0.0023260 235
88 (390) floatDigits_1 0.6727989 0.5711401 0.0000741 556
89 (390) floatRadix_1 0.6695981 0.5748141 0.0000741 519
90 (390) floatRange_1 1.0837381 0.6510861 0.0000741 2282
91 (390) floor_1 1.8885548 0.8468599 0.0001140 5902
92 (390) fmap_1 0.6258039 0.5517011 0.0000689 322
93 (390) fmap_2 0.5936801 0.5458970 0.0000489 242
94 (390) foldl1_1 0.6152871 0.5593510 0.0000730 376
95 (390) foldl_1 0.6233742 0.5460730 0.0000510 294
96 (390) foldr1_1 0.6151490 0.5654109 0.0000529 288
97 (390) foldr_1 0.6124711 0.5626929 0.0004110 294
98 (390) fromDouble_1 2.1662169 0.9356072 0.0000501 7013
99 (390) fromDouble_2 0.6405599 0.5688820 0.0000498 439
100 (390) fromEnum_1 0.6255901 0.5616779 0.0000730 300
101 (390) fromEnum_2 1.2952678 0.6985180 0.0000639 3161
102 (390) fromEnum_3 0.6301081 0.5593169 0.0000710 334
103 (390) fromEnum_4 0.6476262 0.5550590 0.0000679 368
104 (390) fromEnum_5 1.3789351 0.7400298 0.0000620 3683
105 (390) fromEnum_6 0.6290641 0.5599420 0.0000560 300
106 (390) fromEnum_7 0.6547811 0.5758801 0.0000510 417
107 (390) fromInt_1 0.6464720 0.5684011 0.0001040 443
108 (390) fromInt_2 0.6490388 0.5700550 0.0001009 400
109 (390) fromInt_3 0.6306660 0.5593579 0.0001020 271
110 (390) fromInteger_1 0.6832762 0.5709081 0.0000670 543
111 (390) fromInteger_2 0.6675150 0.5729089 0.0000501 546
112 (390) fromInteger_3 0.6201351 0.5564678 0.0000522 329
113 (390) fromIntegral_1 0.7083471 0.5936041 0.0000560 726
114 (390) fromIntegral_2 0.6904430 0.5799649 0.0000570 729
115 (390) fromIntegral_3 0.6605289 0.5658340 0.0000761 512
116 (390) fromRational_1 0.6733611 0.5941210 0.0001240 464
117 (390) fromRational_2 0.6726990 0.5874078 0.0001020 605
118 (390) fst_1 0.6323922 0.5427129 0.0000510 216
119 (390) gcd_1 1.6077130 0.7875302 0.0001228 4224
120 (390) GT_1 0.7025750 0.5836802 0.0000539 688
121 (390) GT_2 1.0771570 0.6663771 0.0001020 2199
122 (390) GT_3 0.8487210 0.6161921 0.0000520 1350
123 (390) GT_4 0.8848979 0.6395071 0.0001149 1391
124 (390) GT_5 1.1032691 0.6576848 0.0001090 2255
125 (390) GT_6 0.8635340 0.6089890 0.0000689 1282
126 (390) GT_7 0.8503110 0.6084511 0.0000532 1311
127 (390) GTEQ_1 0.7291560 0.5874469 0.0000958 861
128 (390) GTEQ_2 1.1146450 0.6797271 0.0000861 2372
129 (390) GTEQ_3 0.8797619 0.6216121 0.0000658 1523
130 (390) GTEQ_4 0.8913200 0.6366260 0.0000520 1564
131 (390) GTEQ_5 1.1292691 0.6869080 0.0000660 2428
132 (390) GTEQ_6 0.8729000 0.6213961 0.0000520 1455
133 (390) GTEQ_7 0.8584731 0.6298501 0.0000520 1484
134 (390) GTGT_1 0.6414411 0.5654330 0.0000989 430
135 (390) GTGTEQ_1 0.6240919 0.5576770 0.0000479 335
136 (390) head_1 0.5910189 0.5458372 0.0000689 191
137 (390) id_1 0.5840938 0.5818510 0.0001080 161
138 (390) index_1 0.6483650 0.5584641 0.0000510 376
139 (390) index_2 1.2636042 0.7066679 0.0000529 3130
140 (390) index_3 1.2529950 0.7343130 0.0000949 2864
141 (390) index_4 1.5722418 0.7800670 0.0000501 4282
142 (390) init_1 0.6104109 0.5513990 0.0000708 245
143 (390) inRange_1 0.6144869 0.5670772 0.0000710 316
144 (390) inRange_2 1.0176899 0.6546540 0.0000889 1938
145 (390) inRange_3 0.9749060 0.6283898 0.0000501 1706
146 (390) inRange_4 0.9713650 0.6370990 0.0000980 1759
147 (390) intToDigit_1 1.6841140 0.8078389 0.0000529 4902
148 (390) isAlpha_1 4.7346270 1.3463569 0.0000579 17740
149 (390) isAlphaNum_1 4.9323530 1.3966529 0.0000522 18666
150 (390) isAscii_1 1.1514099 0.6679001 0.0000689 2397
151 (390) isControl_1 1.6068108 0.7585130 0.0000861 4278
152 (390) isDenormalized_1 0.6291769 0.5714450 0.0000710 334
153 (390) isDigit_1 1.1838899 0.6851580 0.0001009 2574
154 (390) isHexDigit_1 1.7947319 0.7844961 0.0001030 5179
155 (390) isIEEE_1 0.6238260 0.5514431 0.0000510 310
156 (390) isInfinite_1 0.6257250 0.5695601 0.0000689 322
157 (390) isLatin1_1 1.3237112 0.7058771 0.0001020 3413
158 (390) isLower_1 3.1270940 1.0454209 0.0000520 10413
159 (390) isNaN_1 0.6196480 0.5709741 0.0000532 307
160 (390) isNegativeZero_1 0.6326320 0.5592680 0.0000720 334
161 (390) isOctDigit_1 1.1854742 0.6606541 0.0000522 2537
162 (390) isPrint_1 1.5835960 0.7649829 0.0001001 4337
163 (390) isSpace_1 1.3132310 0.6873708 0.0000968 3043
164 (390) isUpper_1 2.8160720 0.9040079 0.0001061 9069
165 (390) iterate_1 0.5960319 0.5661540 0.0000522 247
166 (390) last_1 0.6081610 0.5498862 0.0000489 221
167 (390) lcm_1 2.0698590 0.8520660 0.0000489 6102
168 (390) length_1 0.8991780 0.6244421 0.0000701 1395
169 (390) lex_1 31.4913611 5.8693140 0.0000501 127677
170 (390) lexDigits_1 1.6152420 0.7674479 0.0000501 4282
171 (390) lexLitChar_1 20.7806101 4.2729130 0.0000501 85038
172 (390) lines_1 1.2170799 0.6859441 0.0000999 2374
173 (390) lookup_1 0.7431622 0.5808241 0.0000501 726
174 (390) lookup_2 0.7482150 0.5928850 0.0000520 835
175 (390) lookup_3 0.8861430 0.6327469 0.0001080 1419
176 (390) lookup_4 1.1388919 0.6772828 0.0000989 2267
177 (390) lookup_5 0.8844249 0.6236479 0.0000970 1310
178 (390) lookup_6 0.8143709 0.6157920 0.0000691 1002
179 (390) LT_1 0.6886871 0.5645149 0.0000529 688
180 (390) LT_2 0.8288732 0.6032832 0.0000548 1350
181 (390) LT_3 0.8762510 0.6279328 0.0001020 1391
182 (390) LT_4 1.1455631 0.6851690 0.0000720 2255
183 (390) LT_5 0.8525538 0.6234970 0.0000651 1282
184 (390) LT_6 0.8276269 0.6114230 0.0000591 1311
185 (390) LTEQ_1 0.7463009 0.5925610 0.0000579 861
186 (390) LTEQ_2 1.1213009 0.6842132 0.0000770 2372
187 (390) LTEQ_3 0.6026800 0.5566928 0.0000730 355
188 (390) LTEQ_4 0.8852408 0.6294899 0.0000768 1564
189 (390) LTEQ_5 1.1211462 0.6842260 0.0000970 2428
190 (390) LTEQ_6 0.8583000 0.6301119 0.0001009 1455
191 (390) LTEQ_7 0.6738060 0.5656431 0.0000842 520
192 (390) map_1 0.6115289 0.5501902 0.0000520 273
193 (390) mapM_1 0.7496309 0.5882061 0.0001040 783
194 (390) mapM__1 0.7743690 0.5964270 0.0000699 950
195 (390) max_1 0.8036170 0.5933921 0.0000460 1081
196 (390) max_2 0.6761079 0.5714731 0.0000701 589
197 (390) max_3 1.0195551 0.6438038 0.0000689 1784
198 (390) max_4 1.2025359 0.7004092 0.0001011 2655
199 (390) max_5 1.0125830 0.6479201 0.0000589 1682
200 (390) max_6 0.7428751 0.5783551 0.0000699 768
201 (390) maxBound_1 0.6054330 0.5651600 0.0000489 203
202 (390) maxBound_2 0.5802670 0.5471299 0.0000579 195
203 (390) maxBound_3 1.0592029 0.6326671 0.0000470 2071
204 (390) maxBound_4 0.6284711 0.5615451 0.0000520 306
205 (390) maxBound_5 0.5977731 0.5623620 0.0000491 235
206 (390) maximum_1 0.8791709 0.6234310 0.0000532 1358
207 (390) maximum_2 0.7360229 0.5877891 0.0000908 874
208 (390) maximum_3 1.0605171 0.6625998 0.0000520 2061
209 (390) maximum_4 1.2500122 0.6948051 0.0001020 2936
210 (390) maximum_5 1.0722530 0.6506629 0.0000570 1963
211 (390) maximum_6 0.8113990 0.5990241 0.0000529 1061
212 (390) maybe_1 0.6256649 0.5704210 0.0000710 300
213 (390) min_1 0.7889500 0.6138999 0.0000510 1081
214 (390) min_2 0.6855881 0.5750661 0.0000830 589
215 (390) min_3 1.0173490 0.6505091 0.0000529 1784
216 (390) min_4 1.1988049 0.6728601 0.0000510 2655
217 (390) min_5 0.9786808 0.6317620 0.0000501 1682
218 (390) min_6 0.7355831 0.5970831 0.0000710 768
219 (390) minBound_1 0.5889852 0.5568700 0.0000651 203
220 (390) minBound_2 0.5929751 0.5567288 0.0000589 196
221 (390) minBound_3 0.6181078 0.5557981 0.0000520 286
222 (390) minBound_4 0.6142569 0.5548689 0.0000710 306
223 (390) minBound_5 0.6067190 0.5523281 0.0000710 235
224 (390) minimum_1 0.8462651 0.6618500 0.0000560 1358
225 (390) minimum_2 0.7444770 0.5934429 0.0000691 874
226 (390) minimum_3 1.0829022 0.6685610 0.0000641 2061
227 (390) minimum_4 1.2296710 0.7492771 0.0000510 2936
228 (390) minimum_5 1.0416069 0.6526110 0.0000942 1963
229 (390) minimum_6 0.8146091 0.6021771 0.0000489 1061
230 (390) MINUS_1 0.9493868 0.6291771 0.0000539 1710
231 (390) MINUS_2 0.8189721 0.5915551 0.0000739 958
232 (390) mod_1 1.0056231 0.6521840 0.0000522 1833
233 (390) negate_1 0.6792259 0.5755241 0.0000682 551
234 (390) negate_2 0.6426539 0.5695128 0.0000529 365
235 (390) not_1 0.5946050 0.5561411 0.0000689 217
236 (390) notElem_1 0.7949250 0.5956938 0.0001822 1003
237 (390) notElem_2 0.8016131 0.5996809 0.0000539 1132
238 (390) notElem_3 1.0000768 0.6404762 0.0000629 1696
239 (390) notElem_4 1.1622951 0.6970739 0.0000489 2554
240 (390) notElem_5 0.9511840 0.6284781 0.0000532 1597
241 (390) notElem_6 0.8601809 0.6189859 0.0000532 1319
242 (390) null_1 0.5997238 0.5520091 0.0000520 227
243 (390) numerator_1 0.6165519 0.5625072 0.0000510 273
244 (390) odd_1 0.6996849 0.5816450 0.0000689 722
245 (390) or_1 0.6507628 0.5760810 0.0000510 415
246 (390) ord_1 0.6483300 0.5666299 0.0000670 404
247 (390) otherwise_1 0.5798509 0.5557079 0.0000541 181
248 (390) PLUS_1 0.9510939 0.6270709 0.0000780 1701
249 (390) PLUS_2 0.7671041 0.6057689 0.0000520 952
250 (390) PLUSPLUS_1 0.6088979 0.5477731 0.0000648 272
251 (390) pred_1 1.0616429 0.6603420 0.0000851 2091
252 (390) pred_2 1.5410008 0.7466569 0.0000970 4048
253 (390) pred_3 1.0919719 0.6726971 0.0000710 2319
254 (390) pred_4 0.8858709 0.6335769 0.0000699 1538
255 (390) pred_5 1.4471309 0.7675178 0.0000679 4068
256 (390) pred_6 0.6527119 0.5650291 0.0000691 408
257 (390) pred_7 1.1770289 0.6880310 0.0000539 2591
258 (390) primThrowException_1 0.5955088 0.5621190 0.0000510 286
259 (390) product_1 0.9721372 0.6386812 0.0000520 1767
260 (390) product_2 0.8875129 0.6300101 0.0001359 1447
261 (390) properFraction_1 1.2124071 0.6869321 0.0000980 2763
262 (390) properFraction_2 1.3211620 0.7017200 0.0000489 3283
263 (390) quot_1 0.8568861 0.6221390 0.0000501 1388
264 (390) quotRem_1 1.0905850 0.6519229 0.0000520 2273
265 (390) range_1 0.6174598 0.5595300 0.0000510 302
266 (390) range_2 1.4133790 0.7652841 0.0001569 3867
267 (390) range_3 1.3514709 0.7179821 0.0001311 3355
268 (390) range_4 1.1813629 0.6798251 0.0000508 2450
269 (390) rangeSize_1 1.0108778 0.6451881 0.0001001 1658
270 (390) rangeSize_2 1.7831771 0.8210711 0.0000491 5321
271 (390) rangeSize_3 1.6412759 0.7884429 0.0000560 4696
272 (390) rangeSize_4 1.7009659 0.7980461 0.0000610 4724
273 (390) read_1 31.5199959 6.2441261 0.0000458 132238
274 (390) read_2 33.7655809 6.4468071 0.0000482 140019
275 (390) readDec_1 2.2742238 0.9109910 0.0000520 7374
276 (390) readHex_1 5.1428270 1.3770189 0.0000510 18700
277 (390) readInt_1 1.5007880 0.7388310 0.0000548 3939
278 (390) readList_1 37.0913792 7.5009179 0.0000489 160694
279 (390) readLitChar_1 22.2873750 4.4137080 0.0000460 92417
280 (390) readOct_1 2.2491429 0.9029639 0.0001030 7323
281 (390) readParen_1 31.3888040 6.0302219 0.0000479 130240
282 (390) readParen_2 31.7616680 6.3967190 0.0000501 130264
283 (390) readParen_3 30.5430532 6.0553851 0.0001969 130224
284 (390) readParen_4 30.3738730 6.3351409 0.0000501 130220
285 (390) readParen_5 31.3532500 6.3979812 0.0000508 130256
286 (390) readParen_6 30.0642610 6.2158399 0.0000489 130222
287 (390) reads_1 32.3240001 6.2876110 0.0000510 131885
288 (390) reads_2 33.0039959 6.5340872 0.0000479 139664
289 (390) reads_3 36.9164619 7.3555331 0.0000482 158936
290 (390) readSigned_1 31.2411079 5.9989419 0.0000489 132060
291 (390) readsPrec_1 31.0213041 6.1876671 0.0000448 131800
292 (390) readsPrec_2 32.7020891 6.2967641 0.0000491 134429
293 (390) realToFrac_1 0.7392621 0.5942631 0.0000539 849
294 (390) realToFrac_2 0.6980290 0.5799680 0.0000732 682
295 (390) recip_1 0.6396430 0.6174879 0.0001042 315
296 (390) recip_2 0.8666620 0.6099570 0.0000541 1405
297 (390) rem_1 0.8867149 0.6123080 0.0000520 1442
298 (390) repeat_1 0.6056740 0.5550790 0.0000520 234
299 (390) replicate_1 1.2823999 0.7135301 0.0000648 2747
300 (390) return_1 0.5950949 0.5675671 0.0000720 236
301 (390) return_2 0.5873220 0.5527868 0.0000532 202
302 (390) reverse_1 0.6461651 0.5643702 0.0000510 411
303 (390) scanl1_1 0.6732531 0.5771739 0.0000970 462
304 (390) scanl_1 0.6410801 0.5648911 0.0000970 352
305 (390) scanr1_1 0.6964390 0.5715249 0.0001001 554
306 (390) scanr_1 0.6954620 0.5767009 0.0001111 566
307 (390) seq_1 0.6271420 0.5721979 0.0000520 291
308 (390) sequence_1 0.6857460 0.5835690 0.0000701 565
309 (390) sequence_2 0.6979232 0.5923710 0.0000529 642
310 (390) sequence__1 0.7120471 0.5794690 0.0000710 669
311 (390) sequence__2 0.7390511 0.5889468 0.0000641 808
312 (390) show_1 0.8515179 0.6090910 0.0000501 1258
313 (390) show_2 2.3306561 0.8961399 0.0000989 7625
314 (390) show_3 3.0470531 1.0071929 0.0000501 9972
315 (390) show_4 1.5590479 0.7401888 0.0000770 4178
316 (390) show_5 2.2203448 0.8390229 0.0000539 7209
317 (390) showChar_1 0.6293302 0.5576119 0.0000708 330
318 (390) showInt_1 2.0132551 0.8701620 0.0000501 6339
319 (390) showParen_1 0.8091300 0.5913560 0.0000479 1249
320 (390) shows_1 0.8548651 0.6180968 0.0000710 1287
321 (390) shows_2 2.3555410 0.9031250 0.0000560 7654
322 (390) shows_3 3.0163400 0.9986570 0.0000510 10001
323 (390) shows_4 1.5527341 0.7588429 0.0000520 4407
324 (390) shows_5 2.2690060 0.8708808 0.0000491 7238
325 (390) showSigned_1 1.5793951 0.7593360 0.0000510 4390
326 (390) showSigned_2 1.5515249 0.7957308 0.0001018 4459
327 (390) showSigned_3 1.3053861 0.7035320 0.0001042 3240
328 (390) showsPrec_1 0.8311532 0.6010220 0.0000749 1211
329 (390) showsPrec_2 2.2808340 0.8850851 0.0001011 7568
330 (390) showsPrec_3 3.0368121 0.9992311 0.0000541 9917
331 (390) showsPrec_4 1.5028269 0.7654099 0.0000520 4327
332 (390) showsPrec_5 2.2234311 0.8578620 0.0000532 7146
333 (390) showString_1 0.6603370 0.5644250 0.0000648 458
334 (390) signum_1 1.1653602 0.6785510 0.0000510 2586
335 (390) signum_2 1.3695481 0.7154839 0.0000510 3689
336 (390) signum_3 1.1441739 0.6798539 0.0000472 2423
337 (390) SLASH_1 0.8366880 0.6052721 0.0000660 1174
338 (390) SLASHEQ_1 0.6405630 0.5572071 0.0000520 394
339 (390) SLASHEQ_2 0.8320739 0.6054630 0.0000989 1254
340 (390) SLASHEQ_3 0.6631000 0.5639720 0.0000520 513
341 (390) SLASHEQ_4 0.7953620 0.6010661 0.0000501 1087
342 (390) SLASHEQ_5 1.0482149 0.6509151 0.0000482 1940
343 (390) SLASHEQ_6 0.7898068 0.5911431 0.0000470 983
344 (390) SLASHEQ_7 0.6903470 0.5835030 0.0000730 690
345 (390) snd_1 0.6027930 0.5480280 0.0000501 216
346 (390) span_1 0.7996039 0.6032121 0.0000532 920
347 (390) splitAt_1 1.2633009 0.6779189 0.0000980 2995
348 (390) STAR_1 0.8006599 0.6067150 0.0000539 1174
349 (390) STAR_2 0.7616630 0.5948961 0.0000710 948
350 (390) subtract_1 1.0156519 0.6504099 0.0000508 1861
351 (390) subtract_2 0.7987549 0.6079450 0.0000679 1109
352 (390) succ_1 1.0300312 0.6379771 0.0000911 1934
353 (390) succ_2 1.4850171 0.7488060 0.0000491 4284
354 (390) succ_3 1.0987990 0.6533689 0.0000699 2162
355 (390) succ_4 0.8819938 0.6252279 0.0000510 1381
356 (390) succ_5 1.4795780 0.7674410 0.0001152 4227
357 (390) succ_6 0.6515858 0.5646269 0.0000689 408
358 (390) succ_7 1.1562119 0.6892500 0.0000520 2434
359 (390) sum_1 1.0910101 0.6698401 0.0000510 2275
360 (390) sum_2 0.8863850 0.6191292 0.0000520 1432
361 (390) tail_1 0.6008189 0.5509830 0.0000489 207
362 (390) take_1 1.1923530 0.6877320 0.0000591 2583
363 (390) takeWhile_1 0.6880229 0.5803058 0.0000999 623
364 (390) toEnum_1 0.7844639 0.5966830 0.0000720 977
365 (390) toEnum_2 0.6680961 0.5778332 0.0000689 509
366 (390) toEnum_3 0.8260829 0.5975339 0.0000548 1141
367 (390) toEnum_4 0.6357079 0.5589061 0.0000670 360
368 (390) toEnum_5 0.6357000 0.5581880 0.0000510 397
369 (390) toEnum_6 0.6292269 0.5673730 0.0000689 294
370 (390) toEnum_7 0.8750708 0.6104679 0.0000470 1354
371 (390) toInt_1 0.6112351 0.5541830 0.0000689 265
372 (390) toInteger_1 0.6237321 0.5665319 0.0000689 321
373 (390) toLower_1 3.3070011 1.0758781 0.0000482 11826
374 (390) toRational_1 0.6505239 0.5633399 0.0000682 484
375 (390) toUpper_1 4.6921570 1.3451099 0.0000520 17332
376 (390) truncate_1 1.2702091 0.7307699 0.0000510 3298
377 (390) truncate_2 1.3803639 0.7287869 0.0000491 3617
378 (390) uncurry_1 0.6480172 0.5716732 0.0000548 374
379 (390) undefined_1 0.6041050 0.5517240 0.0000479 241
380 (390) unlines_1 0.6838839 0.5797300 0.0000708 572
381 (390) until_1 0.6352279 0.5589440 0.0001049 331
382 (390) unwords_1 0.7355130 0.5932779 0.0000961 752
383 (390) unzip3_1 0.7145262 0.5855410 0.0000720 648
384 (390) unzip_1 0.6920171 0.5748160 0.0000689 546
385 (390) userError_1 0.7082422 0.5815220 0.0000710 681
386 (390) words_1 1.8076670 0.7722981 0.0000501 4795
387 (390) zip3_1 0.6801829 0.5680351 0.0000489 553
388 (390) zip_1 0.6508560 0.5599840 0.0000730 462
389 (390) zipWith3_1 0.6390159 0.5646241 0.0000679 422
390 (390) zipWith_1 0.6205850 0.5711799 0.0000989 355
